1 15 10 16 21 22 23 24 31 32 33 35 36 50 103 105 114
9 1 119
10 17 1 11 25 49 50 51 52 55 56 61 63 64 105 106 107 108 110
11 6 10 12 105 106 109 110
12 5 11 13 105 106 109
13 4 12 14 105 106
14 4 13 15 105 106
15 5 14 16 60 105 106
16 5 1 15 17 105 106
17 3 16 21 106
21 5 1 17 22 31 32
22 5 1 21 23 32 33
23 5 1 22 24 33 34
24 5 1 23 34 35 36
25 8 10 49 50 51 52 55 56 64
26 3 28 54 113
27 3 53 61 114
28 3 26 31 114
31 7 1 21 28 103 104 113 114
32 6 1 21 22 104 113 114
33 4 1 22 23 34
34 3 23 24 33
35 3 1 24 36
36 3 1 24 35
49 4 10 25 55 61
50 5 1 10 25 56 62
51 2 10 25
52 2 10 25
53 2 27 57
54 2 26 58
55 3 10 25 49
56 3 10 25 50
57 2 53 59
58 2 54 60
59 1 57
60 2 15 58
61 6 10 27 49 102 108 110
62 3 50 109 111
63 1 10
64 2 10 25
101 7 103 107 109 111 114 116 118
102 10 61 104 108 110 112 114 115 116 118 119
103 7 1 31 101 105 113 116 117
104 6 31 32 102 106 114 115
105 9 1 10 11 12 13 14 15 16 103
106 9 10 11 12 13 14 15 16 17 104
107 4 10 101 109 111
108 5 10 61 102 110 112
109 7 11 12 62 101 107 113 118
110 6 10 11 61 102 108 114
111 3 62 101 107
112 2 102 108
113 7 26 31 32 103 109 114 117
114 13 1 27 28 31 32 101 102 104 110 113 115 116 117
115 5 102 104 114 116 117
116 5 101 102 103 114 115
117 4 103 113 114 115
118 3 101 102 109
119 2 9 102
